basic lenet model with model 0-0-0-0 (color)

actual ->[18, 1, 23, 14, 3, 13, 34, 14, 2]
test ->  [18, 1, 28, 25, 3, 25, 34, 26, 2]




[  1.00e+00,   0.00e+00,   0.00e+00, 0.00e+00,   0.00e+00],  -> sure!!
[  1.00e+00,   0.00e+00,   0.00e+00, 0.00e+00,   0.00e+00],  -> sure!!
[  1.00e+00,   0.00e+00,   0.00e+00, 0.00e+00,   0.00e+00],  -> wrong and sure!! wow!
[  1.00e+00,   1.94e-09,   8.31e-25, 2.16e-32,   0.00e+00],  -> wrong and sure!!
[  1.00e+00,   1.4e-32,   1.79e-35, 0.00e+00,   0.00e+00],   -> sure !!
[  9.99e-01,   6.94e-05,   2.17e-05, 2.30e-06,   1.76e-08],  -> wrong and sure!! wow!
[  1.00e+00,   0.00e+00,   0.00e+00, 0.00e+00,   0.00e+00],  -> sure!!
[  1.00e+00,   1.50e-17,   4.68e-20, 2.86e-20,   4.38e-21],  -> wrong and sure!!
[  1.00e+00,   8.29e-13,   6.31e-22, 5.46e-26,   2.68e-26]]   -> sure!!

[[18,  0,  1,  2,  3],
 [ 1,  0,  2,  3,  4],
 [28,  0,  1,  2,  3],
 [25, 22, 14, 26,  0],
 [ 3, 24,  5,  0,  1],
 [25, 21, 11,  1, 41],
 [34,  0,  1,  2,  3],
 [26, 13, 25, 20, 22],
 [ 2,  1,  4, 15,  7]]



18 -> 1080
1 -> 1980
2 -> 2010
3-> 2010
13 -> 1920
14 -> 690
23 ->450
25- > 1350
26 -> 540
28 -> 480
34 -> 360


Basic Augmentation

actual ->[18, 1, 23, 14, 3, 13, 34, 14, 2]
test ->  [18, 1, 34, 14, 1,  1, 34, 12, 2]


[  1.00e+00,   0.00e+00,   0.00e+00, 0.00e+00,   0.00e+00],  -> sure!!!
[  1.00e+00,   0.00e+00,   0.00e+00, 0.00e+00,   0.00e+00],  -> sure!!!
[  9.76e-01,   2.38e-02,   5.05e-08, 4.06e-23,   4.44e-29],  -> confident and wrong!
[  1.00e+00,   9.03e-13,   1.063e-24, 5.70e-37,   0.00e+00], -> sure!!
[  1.00e+00,   2.12e-09,   6.28e-18, 2.24e-26,   0.00e+00],  -> sure and wrong!
[  9.99e-01,   1.63e-05,   2.33e-15, 5.60e-16,   6.53e-18],  -> sure and wrong!
[  1.00e+00,   0.00e+00,   0.00e+00, 0.00e+00,   0.00e+00],  -> sure!
[  1.00e+00,   1.25e-14,   1.02e-20, 2.79e-31,   1.78e-31],  -> sure and wrong!
[  9.99-01,   1.50e-05,   1.65-13, 4.58e-17,   0.00e+00]],  -> confident!!


[18,  0,  1,  2,  3],
[ 1,  0,  2,  3,  4],
[34, 19, 16,  9, 35],
[14,  5, 18, 13,  0],
[ 1,  3,  2,  5,  0],
[ 1,  2, 20,  8,  3],
[34,  0,  1,  2,  3],
[12, 13,  1,  4, 40],
[ 2,  1,  7,  5,  0]

Extended Augmentation

actual ->[18, 1, 23, 14, 3, 13, 34, 14, 2]
test ->  [18, 1, 23, 13, 3, 11, 34, 18, 2]

TopKV2(values=array([[  1.00000000e+00,   1.85990164e-11,   1.55979889e-23,
          1.25314657e-24,   1.28286145e-28],
       [  9.99997139e-01,   2.78904008e-06,   1.47935140e-07,
          1.47219315e-09,   3.84169384e-16],
       [  1.00000000e+00,   2.93099365e-20,   4.21566858e-23,
          9.79192137e-25,   5.31017789e-28],
       [  1.00000000e+00,   6.11226936e-09,   8.84062094e-12,
          2.97512286e-13,   2.03419767e-16],
       [  1.00000000e+00,   3.16592964e-15,   4.13908703e-22,
          5.52450652e-23,   9.50946479e-25],
       [  9.88965273e-01,   1.02229659e-02,   4.60567680e-04,
          2.85034301e-04,   6.31683361e-05],
       [  1.00000000e+00,   1.43851904e-13,   1.54809980e-35,
          7.41104495e-38,   1.56364141e-38],
       [  9.68935013e-01,   2.64985841e-02,   4.54109674e-03,
          2.05264296e-05,   2.54355177e-06],
       [  1.00000000e+00,   2.24113721e-16,   3.61574041e-24,
          1.33775181e-27,   6.60024503e-32]], dtype=float32), indices=array([[18, 27, 24, 26, 11],
       [ 1,  0,  5,  2, 40],
       [23, 31, 29, 30, 19],
       [13, 14,  3, 18, 37],
       [ 3,  5,  2, 23, 19],
       [11, 21, 23, 35,  1],
       [34, 38, 14,  1, 35],
       [18,  1,  0, 14,  4],
       [ 2,  1,  5,  8,  3]], dtype=int32))








